   0.0000000000000000        750.01171893417722        0.0000000000000000        0.0000000000000000        6140.5017681473755     
   1.0296929209327812        750.01171893425453        15.151931331526256        15.144383095481517        6135.6668368680384     
   2.0586657768858760        750.01171893424817        30.293266906876578        30.286753865368752        6134.8118507359140     
   3.0883586978189435        750.01171893423464        45.445198238402604        45.439134349754397        6134.0791805164199     
   4.1173315537723374        750.01171893422952        60.586533813753043        60.581078387242052        6133.3061447480377     
   5.1470244747054048        750.01171893421929        75.738465145279392        75.733206868473204        6132.5123756356179     
   6.1767173956384722        750.01171893420826        90.890396476805662        90.884755232740616        6131.7196612153048     
   7.2056902515918662        750.01171893419905        106.03173205215622        106.02641041558884        6130.9567670412125     
   8.2353831725246440        750.01171893418825        121.18366338368227        121.17789091098327        6130.1840466931708     
   9.2643560284767688        750.01171893417973        136.32499895903226        136.31902815481820        6129.4403629340432     
   10.294048949408566        750.01171893416961        151.47693029055773        151.47073029140691        6128.7098966493477     
   11.323741870340363        750.01171893415540        166.62886162208619        166.62256397865443        6127.9885631522584     
   12.352714726292488        750.01171893414971        181.77019719743555        181.76383135184781        6127.2743172167047     
   13.382407647224285        750.01171893413914        196.92212852896145        196.91579576526243        6126.5644123572147     
   14.411380503176410        750.01171893412868        212.06346410431192        212.05708689426120        6125.8586906891078     
   15.441073424108207        750.01171893411367        227.21539543583737        227.20887197424219        6125.1556540076044     
   16.470766345041167        750.01171893410606        242.36732676736460        242.36085723451328        6124.4553770739622     
   17.499739200995830        750.01171893408605        257.50866234271427        257.50216761892221        6123.7577834052490     
   18.529432121930167        750.01171893408946        272.66059367424072        272.65404357216704        6123.0615967820695     
   19.558404977884830        750.01171893407036        287.80192924959169        287.79535463120959        6122.3672206463780     
   20.588097898819168        750.01171893403455        302.95386058111592        302.94724306957710        6121.6740771541581     
   21.617790819753505        750.01171893400135        318.10579191264316        318.09926218546781        6120.9823775354089     
   22.646763675708169        750.01171893398043        333.24712748799459        333.24059571674780        6120.2923726038252     
   23.676456596642506        750.01171893394610        348.39905881951688        348.39243327622955        6119.6029794493397     
   24.706149517576844        750.01171893391950        363.55099015104685        363.54431573211252        6118.9140895950895     
   25.735122373531507        750.01171893390028        378.69232572639805        378.68563154953517        6118.2264975894886     
   26.764815294465844        750.01171893386686        393.84425705792529        393.83764804700485        6117.5389287513444     
   27.793788150420507        750.01171893382923        408.98559263327559        408.97893634657299        6116.8524884237395     
   28.823481071354845        750.01171893380877        424.13752396480038        424.13090343427632        6116.1662495551373     
   29.853173992289182        750.01171893378432        439.28945529632972        439.28272732066847        6115.4802158830353     
   30.882146848243845        750.01171893376022        454.43079087167439        454.42406855127808        6114.7951209560733     
   31.911839769178183        750.01171893372089        469.58272220320509        469.57600739306076        6114.1098031539896     
   32.940812625132843        750.01171893369781        484.72405777855448        484.71732886549734        6113.4254927587144     
   33.970505546067180        750.01171893366768        499.87598911007950        499.86936223604164        6112.7409965870020     
   35.000198467001518        750.01171893364244        515.02792044159116        515.02143294909558        6112.0563675407811     
