   0.0000000000000000        750.01171893417097        0.0000000000000000        0.0000000000000000        6131.3446229755982     
   1.0289728559531079        750.01171893419234        15.141335575350325        15.141234576170890        6130.6443895370630     
   2.0586657768858760        750.01171893421156        30.293266906876564        30.293171575147991        6129.9651637590632     
   3.0876386328392700        750.01171893422452        45.434602482226957        45.434508032757130        6129.2864156254436     
   4.1173315537723374        750.01171893421292        60.586533813752986        60.586434088825726        6128.6072263196202     
   5.1470244747054048        750.01171893419883        75.738465145279179        75.738360714336679        6127.9279831428294     
   6.1759973306587987        750.01171893418984        90.879800720629532        90.879696216609176        6127.2492427645539     
   7.2056902515918662        750.01171893417620        106.03173205215553        106.03163781474100        6126.5699981247726     
   8.2346631075449714        750.01171893416767        121.17306762750630        121.17297282130833        6125.8912484312641     
   9.2643560284767688        750.01171893415346        136.32499895903260        136.32489981183568        6125.2120717211319     
   10.294048949408566        750.01171893414494        151.47693029055819        151.47682646414253        6124.5328299074645     
   11.323021805360691        750.01171893413527        166.61826586590874        166.61816314680428        6123.8540802749239     
   12.352714726292488        750.01171893411811        181.77019719743524        181.77009982781163        6123.1748395596660     
   13.382407647224285        750.01171893410822        196.92212852896176        196.92202974965161        6122.4956453501145     
   14.411380503176410        750.01171893409742        212.06346410431320        212.06336718140898        6121.8168856729744     
   15.441073424108207        750.01171893408514        227.21539543583827        227.21529391813962        6121.1376664539785     
   16.470046280061492        750.01171893406820        242.35673101118755        242.35663070211351        6120.4589309134544     
   17.499739200995830        750.01171893405842        257.50866234271581        257.50855932216490        6119.7796949503354     
   18.529432121930167        750.01171893405353        272.66059367424089        272.66049837902801        6119.1004565518524     
   19.558404977884830        750.01171893404080        287.80192924959061        287.80183482799788        6118.4217041501561     
   20.588097898819168        750.01171893402727        302.95386058111887        302.95376106361772        6117.7425260968748     
   21.617070754773831        750.01171893401261        318.09519615646673        318.09509725240406        6117.0637843961158     
   22.646763675708169        750.01171893400669        333.24712748799431        333.24702313625670        6116.3845318494932     
   23.676456596642506        750.01171893398384        348.39905881951989        348.39896430314593        6115.7052921574586     
   24.705429452597169        750.01171893398180        363.54039439487013        363.54029915883086        6115.0265532525964     
   25.735122373531507        750.01171893396679        378.69232572639680        378.69222668567403        6114.3473574079735     
   26.764095229486170        750.01171893395633        393.83366130174761        393.83356281306754        6113.6685999792744     
   27.793788150420507        750.01171893393848        408.98559263327377        408.98549040989138        6112.9893787737838     
   28.823481071354845        750.01171893391995        424.13752396480152        424.13742484486818        6112.3101407863887     
   29.852453927309508        750.01171893388744        439.27885954014943        439.27875795759155        6111.6313953628014     
   30.882146848243845        750.01171893385902        454.43079087167678        454.43069467355355        6110.9521736893867     
   31.911119704198509        750.01171893383639        469.57212644702702        469.57203142020848        6110.2734208809643     
   32.940812625132843        750.01171893379546        484.72405777855363        484.72395767206342        6109.5942246852683     
   33.970505546067180        750.01171893377148        499.87598911007893        499.87588505521933        6108.9149882949368     
   35.000198467001518        750.01171893374999        515.02792044160287        515.02791717115156        6108.2355119674994     
