   0.0000000000000000        750.01171893417722        0.0000000000000000        0.0000000000000000        6131.1005522774840     
   1.0289728559531079        750.01171893419496        15.141335575350325        15.141235583205320        6130.5181629321423     
   2.0586657768858760        750.01171893421508        30.293266906876568        30.293170548669785        6129.8389441730460     
   3.0876386328392700        750.01171893422918        45.434602482226872        45.434507398770620        6129.1601830355585     
   4.1173315537723374        750.01171893421269        60.586533813753242        60.586433752674608        6128.4809909126088     
   5.1470244747054048        750.01171893420315        75.738465145279491        75.738362109119862        6127.8017561794431     
   6.1759973306587987        750.01171893419064        90.879800720629859        90.879695880286235        6127.1230112264629     
   7.2056902515918662        750.01171893418154        106.03173205215576        106.03163775602847        6126.4437638751579     
   8.2346631075449714        750.01171893417234        121.17306762750582        121.17297323278945        6125.7650199683558     
   9.2643560284767688        750.01171893415346        136.32499895903226        136.32490008924498        6125.0858459367473     
   10.294048949408566        750.01171893415028        151.47693029055799        151.47682602810187        6124.4065927748388     
   11.323021805360691        750.01171893413323        166.61826586590968        166.61816244733194        6123.7278498217638     
   12.352714726292488        750.01171893411913        181.77019719743450        181.77010187765364        6123.0486149944745     
   13.382407647224285        750.01171893411367        196.92212852896128        196.92202954455459        6122.3694182116142     
   14.411380503176410        750.01171893409708        212.06346410431249        212.06336583171927        6121.6906587337398     
   15.441073424108207        750.01171893409207        227.21539543583847        227.21529332827004        6121.0114390991112     
   16.470046280061492        750.01171893407718        242.35673101118917        242.35662992408081        6120.3326965912665     
   17.499739200995830        750.01171893406774        257.50866234271473        257.50856062079043        6119.6534559541424     
   18.529432121930167        750.01171893405501        272.66059367424043        272.66049760933441        6118.9742327769573     
   19.558404977884830        750.01171893403648        287.80192924959010        287.80183432090956        6118.2954822526599     
   20.588097898819168        750.01171893402204        302.95386058111848        302.95376053041792        6117.6162865796741     
   21.617070754773831        750.01171893402147        318.09519615646883        318.09509706864117        6116.9375465964231     
   22.646763675708169        750.01171893401295        333.24712748799186        333.24702274517097        6116.2583089204027     
   23.676456596642506        750.01171893399817        348.39905881952046        348.39896446772423        6115.5790595730805     
   24.705429452597169        750.01171893398703        363.54039439486945        363.54029965040746        6114.9003112231903     
   25.735122373531507        750.01171893397668        378.69232572639368        378.69222658530867        6114.2211383407848     
   26.764095229486170        750.01171893395929        393.83366130174397        393.83356236361715        6113.5423805997179     
   27.793788150420507        750.01171893394223        408.98559263327246        408.98548964841581        6112.8631408561141     
   28.823481071354845        750.01171893391199        424.13752396480470        424.13742715885655        6112.1839050692652     
   29.852453927309508        750.01171893388857        439.27885954015119        439.27875912115132        6111.5051694547383     
   30.882146848243845        750.01171893386345        454.43079087167575        454.43069352993479        6110.8259482704652     
   31.911119704198509        750.01171893383128        469.57212644702622        469.57203076577531        6110.1471877281447     
   32.940812625132843        750.01171893381047        484.72405777855363        484.72395731654819        6109.4679952182241     
   33.970505546067180        750.01171893377500        499.87598911007706        499.87588643680476        6108.7887576173925     
   35.000198467001518        750.01171893374863        515.02792044160230        515.02791710099120        6108.1092750738180     
