   8.8326220850103859E-002  -50.938967136150232        1.5625000000000000        2.1673541648044256E-311
   8.8326220850103859E-002  -50.782472613458530        1.5625000000000000        2.1673541648044256E-311
   8.8326220850103859E-002  -50.625978090766822        1.5625000000000000        1.4608733955647129E-311
   8.8326220850103859E-002  -50.469483568075120        1.5625000000000000        1.4608733955647129E-311
   8.8326220850103859E-002  -50.312989045383411        1.5625000000000000        0.0000000000000000     
   8.8326220850103859E-002  -50.156494522691709        1.5625000000000000        0.0000000000000000     
   8.8326220850103859E-002  -50.000000000000000        2.0000000000000000        0.0000000000000000     
   8.8326220850103859E-002  -49.843505477308291        2.0000000000000000        8.0206710781590631E-016
   8.8326220850103859E-002  -49.687010954616589        2.0000000000000000        0.0000000000000000     
   8.8326220850103859E-002  -49.530516431924880        2.0000000000000000        4.0103355390795316E-016
   8.8326220850103859E-002  -49.374021909233178        2.0000000000000000        0.0000000000000000     
   8.8326220850103859E-002  -49.217527386541470        2.0000000000000000        4.0103355390795316E-016
   8.8326220850103859E-002  -49.061032863849768        2.0000000000000000       -4.0103355390795316E-016
   8.8326220850103859E-002  -48.904538341158059        2.0000000000000000        0.0000000000000000     
   8.8326220850103859E-002  -48.748043818466357        2.0000000000000000        0.0000000000000000     
   8.8326220850103859E-002  -48.591549295774648        2.0000000000000000        0.0000000000000000     
   8.8326220850103859E-002  -48.435054773082939        2.0000000000000000        0.0000000000000000     
   8.8326220850103859E-002  -48.278560250391237        2.0000000000000000        0.0000000000000000     
   8.8326220850103859E-002  -48.122065727699528        2.0000000000000000        0.0000000000000000     
   8.8326220850103859E-002  -47.965571205007826        2.0000000000000000        0.0000000000000000     
   8.8326220850103859E-002  -47.809076682316118        2.0000000000000000        0.0000000000000000     
   8.8326220850103859E-002  -47.652582159624416        2.0000000000000000        0.0000000000000000     
   8.8326220850103859E-002  -47.496087636932707        2.0000000000000000        0.0000000000000000     
   8.8326220850103859E-002  -47.339593114240998        2.0000000000000000        0.0000000000000000     
   8.8326220850103859E-002  -47.183098591549296        2.0000000000000000        0.0000000000000000     
   8.8326220850103859E-002  -47.026604068857587        2.0000000000000000        0.0000000000000000     
   8.8326220850103859E-002  -46.870109546165885        2.0000000000000000        0.0000000000000000     
   8.8326220850103859E-002  -46.713615023474176        2.0000000000000000        0.0000000000000000     
   8.8326220850103859E-002  -46.557120500782474        2.0000000000000000        0.0000000000000000     
   8.8326220850103859E-002  -46.400625978090765        2.0000000000000000        0.0000000000000000     
   8.8326220850103859E-002  -46.244131455399064        2.0000000000000000        0.0000000000000000     
   8.8326220850103859E-002  -46.087636932707355        2.0000000000000000        0.0000000000000000     
   8.8326220850103859E-002  -45.931142410015653        2.0000000000000000        0.0000000000000000     
   8.8326220850103859E-002  -45.774647887323944        2.0000000000000000        0.0000000000000000     
   8.8326220850103859E-002  -45.618153364632235        2.0000000000000000        0.0000000000000000     
   8.8326220850103859E-002  -45.461658841940533        2.0000000000000000        0.0000000000000000     
   8.8326220850103859E-002  -45.305164319248824        2.0000000000000000        0.0000000000000000     
   8.8326220850103859E-002  -45.148669796557122        2.0000000000000000        0.0000000000000000     
   8.8326220850103859E-002  -44.992175273865413        2.0000000000000000        0.0000000000000000     
   8.8326220850103859E-002  -44.835680751173712        2.0000000000000000        0.0000000000000000     
   8.8326220850103859E-002  -44.679186228482003        2.0000000000000000        0.0000000000000000     
   8.8326220850103859E-002  -44.522691705790294        2.0000000000000000        0.0000000000000000     
   8.8326220850103859E-002  -44.366197183098592        2.0000000000000000        0.0000000000000000     
   8.8326220850103859E-002  -44.209702660406883        2.0000000000000000        0.0000000000000000     
   8.8326220850103859E-002  -44.053208137715181        2.0000000000000000        0.0000000000000000     
   8.8326220850103859E-002  -43.896713615023472        2.0000000000000000        0.0000000000000000     
   8.8326220850103859E-002  -43.740219092331770        2.0000000000000000        0.0000000000000000     
   8.8326220850103859E-002  -43.583724569640061        2.0000000000000000        0.0000000000000000     
   8.8326220850103859E-002  -43.427230046948353        2.0000000000000000        0.0000000000000000     
   8.8326220850103859E-002  -43.270735524256651        2.0000000000000000        0.0000000000000000     
   8.8326220850103859E-002  -43.114241001564942        2.0000000000000000        0.0000000000000000     
   8.8326220850103859E-002  -42.957746478873240        2.0000000000000000        0.0000000000000000     
   8.8326220850103859E-002  -42.801251956181531        2.0000000000000000        0.0000000000000000     
   8.8326220850103859E-002  -42.644757433489829        2.0000000000000000        0.0000000000000000     
   8.8326220850103859E-002  -42.488262910798120        2.0000000000000000        0.0000000000000000     
   8.8326220850103859E-002  -42.331768388106418        2.0000000000000000        0.0000000000000000     
   8.8326220850103859E-002  -42.175273865414709        2.0000000000000000        0.0000000000000000     
   8.8326220850103859E-002  -42.018779342723008        2.0000000000000000        0.0000000000000000     
   8.8326220850103859E-002  -41.862284820031299        2.0000000000000000        0.0000000000000000     
   8.8326220850103859E-002  -41.705790297339590        2.0000000000000000        0.0000000000000000     
   8.8326220850103859E-002  -41.549295774647888        2.0000000000000000        0.0000000000000000     
   8.8326220850103859E-002  -41.392801251956179        2.0000000000000000        0.0000000000000000     
   8.8326220850103859E-002  -41.236306729264477        2.0000000000000000        0.0000000000000000     
   8.8326220850103859E-002  -41.079812206572768        2.0000000000000000        0.0000000000000000     
   8.8326220850103859E-002  -40.923317683881066        2.0000000000000000        0.0000000000000000     
   8.8326220850103859E-002  -40.766823161189357        2.0000000000000000        0.0000000000000000     
   8.8326220850103859E-002  -40.610328638497649        2.0000000000000000        0.0000000000000000     
   8.8326220850103859E-002  -40.453834115805947        2.0000000000000000        0.0000000000000000     
   8.8326220850103859E-002  -40.297339593114238        2.0000000000000000        0.0000000000000000     
   8.8326220850103859E-002  -40.140845070422536        2.0000000000000000        0.0000000000000000     
   8.8326220850103859E-002  -39.984350547730827        2.0000000000000000        0.0000000000000000     
   8.8326220850103859E-002  -39.827856025039125        2.0000000000000000        0.0000000000000000     
   8.8326220850103859E-002  -39.671361502347416        2.0000000000000000        0.0000000000000000     
   8.8326220850103859E-002  -39.514866979655707        2.0000000000000000        0.0000000000000000     
   8.8326220850103859E-002  -39.358372456964005        2.0000000000000000        0.0000000000000000     
   8.8326220850103859E-002  -39.201877934272304        2.0000000000000000        0.0000000000000000     
   8.8326220850103859E-002  -39.045383411580595        2.0000000000000000        0.0000000000000000     
   8.8326220850103859E-002  -38.888888888888886        2.0000000000000000        0.0000000000000000     
   8.8326220850103859E-002  -38.732394366197184        2.0000000000000000        0.0000000000000000     
   8.8326220850103859E-002  -38.575899843505475        2.0000000000000000        0.0000000000000000     
   8.8326220850103859E-002  -38.419405320813773        2.0000000000000000        0.0000000000000000     
   8.8326220850103859E-002  -38.262910798122064        2.0000000000000000        0.0000000000000000     
   8.8326220850103859E-002  -38.106416275430362        2.0000000000000000        0.0000000000000000     
   8.8326220850103859E-002  -37.949921752738653        2.0000000000000000        0.0000000000000000     
   8.8326220850103859E-002  -37.793427230046944        2.0000000000000000        0.0000000000000000     
   8.8326220850103859E-002  -37.636932707355243        2.0000000000000000        0.0000000000000000     
   8.8326220850103859E-002  -37.480438184663534        2.0000000000000000        0.0000000000000000     
   8.8326220850103859E-002  -37.323943661971832        2.0000000000000000        0.0000000000000000     
   8.8326220850103859E-002  -37.167449139280123        2.0000000000000000        0.0000000000000000     
   8.8326220850103859E-002  -37.010954616588421        2.0000000000000000        0.0000000000000000     
   8.8326220850103859E-002  -36.854460093896712        2.0000000000000000        0.0000000000000000     
   8.8326220850103859E-002  -36.697965571205003        2.0000000000000000        0.0000000000000000     
   8.8326220850103859E-002  -36.541471048513301        2.0000000000000000        0.0000000000000000     
   8.8326220850103859E-002  -36.384976525821600        2.0000000000000000        0.0000000000000000     
   8.8326220850103859E-002  -36.228482003129891        2.0000000000000000        0.0000000000000000     
   8.8326220850103859E-002  -36.071987480438182        2.0000000000000000        0.0000000000000000     
   8.8326220850103859E-002  -35.915492957746480        2.0000000000000000        0.0000000000000000     
   8.8326220850103859E-002  -35.758998435054771        2.0000000000000000        0.0000000000000000     
   8.8326220850103859E-002  -35.602503912363062        2.0000000000000000        0.0000000000000000     
   8.8326220850103859E-002  -35.446009389671360        2.0000000000000000        0.0000000000000000     
   8.8326220850103859E-002  -35.289514866979658        2.0000000000000000        0.0000000000000000     
   8.8326220850103859E-002  -35.133020344287949        2.0000000000000000        0.0000000000000000     
   8.8326220850103859E-002  -34.976525821596240        2.0000000000000000        0.0000000000000000     
   8.8326220850103859E-002  -34.820031298904539        2.0000000000000000        0.0000000000000000     
   8.8326220850103859E-002  -34.663536776212830        2.0000000000000000        0.0000000000000000     
   8.8326220850103859E-002  -34.507042253521128        2.0000000000000000        0.0000000000000000     
   8.8326220850103859E-002  -34.350547730829419        2.0000000000000000        0.0000000000000000     
   8.8326220850103859E-002  -34.194053208137717        2.0000000000000000        0.0000000000000000     
   8.8326220850103859E-002  -34.037558685446008        2.0000000000000000        0.0000000000000000     
   8.8326220850103859E-002  -33.881064162754299        2.0000000000000000        0.0000000000000000     
   8.8326220850103859E-002  -33.724569640062597        2.0000000000000000        0.0000000000000000     
   8.8326220850103859E-002  -33.568075117370896        2.0000000000000000        0.0000000000000000     
   8.8326220850103859E-002  -33.411580594679187        2.0000000000000000        0.0000000000000000     
   8.8326220850103859E-002  -33.255086071987478        2.0000000000000000        0.0000000000000000     
   8.8326220850103859E-002  -33.098591549295776        2.0000000000000000        0.0000000000000000     
   8.8326220850103859E-002  -32.942097026604067        2.0000000000000000        0.0000000000000000     
   8.8326220850103859E-002  -32.785602503912358        2.0000000000000000        0.0000000000000000     
   8.8326220850103859E-002  -32.629107981220656        2.0000000000000000        0.0000000000000000     
   8.8326220850103859E-002  -32.472613458528954        2.0000000000000000        0.0000000000000000     
   8.8326220850103859E-002  -32.316118935837245        2.0000000000000000        0.0000000000000000     
   8.8326220850103859E-002  -32.159624413145536        2.0000000000000000        0.0000000000000000     
   8.8326220850103859E-002  -32.003129890453835        2.0000000000000000        0.0000000000000000     
   8.8326220850103859E-002  -31.846635367762126        2.0000000000000000        0.0000000000000000     
   8.8326220850103859E-002  -31.690140845070420        2.0000000000000000        0.0000000000000000     
   8.8326220850103859E-002  -31.533646322378715        2.0000000000000000        0.0000000000000000     
   8.8326220850103859E-002  -31.377151799687010        2.0000000000000000        0.0000000000000000     
   8.8326220850103859E-002  -31.220657276995304        2.0000000000000000        0.0000000000000000     
   8.8326220850103859E-002  -31.064162754303599        2.0000000000000000        0.0000000000000000     
   8.8326220850103859E-002  -30.907668231611893        2.0000000000000000        0.0000000000000000     
   8.8326220850103859E-002  -30.751173708920188        2.0000000000000000        0.0000000000000000     
   8.8326220850103859E-002  -30.594679186228479        2.0000000000000000        0.0000000000000000     
   8.8326220850103859E-002  -30.438184663536774        2.0000000000000000        0.0000000000000000     
   8.8326220850103859E-002  -30.281690140845068        2.0000000000000000        0.0000000000000000     
   8.8326220850103859E-002  -30.125195618153363        2.0000000000000000        0.0000000000000000     
   8.8326220850103859E-002  -29.968701095461658        2.0000000000000000        0.0000000000000000     
   8.8326220850103859E-002  -29.812206572769952        2.0000000000000000        0.0000000000000000     
   8.8326220850103859E-002  -29.655712050078247        2.0000000000000000        0.0000000000000000     
   8.8326220850103859E-002  -29.499217527386541        2.0000000000000000        0.0000000000000000     
   8.8326220850103859E-002  -29.342723004694836        2.0000000000000000        0.0000000000000000     
   8.8326220850103859E-002  -29.186228482003127        2.0000000000000000        0.0000000000000000     
   8.8326220850103859E-002  -29.029733959311422        2.0000000000000000        0.0000000000000000     
   8.8326220850103859E-002  -28.873239436619716        2.0000000000000000        0.0000000000000000     
   8.8326220850103859E-002  -28.716744913928011        2.0000000000000000        0.0000000000000000     
   8.8326220850103859E-002  -28.560250391236305        2.0000000000000000        0.0000000000000000     
   8.8326220850103859E-002  -28.403755868544600        2.0000000000000000        0.0000000000000000     
   8.8326220850103859E-002  -28.247261345852895        2.0000000000000000        0.0000000000000000     
   8.8326220850103859E-002  -28.090766823161189        2.0000000000000000        0.0000000000000000     
   8.8326220850103859E-002  -27.934272300469480        2.0000000000000000        0.0000000000000000     
   8.8326220850103859E-002  -27.777777777777775        2.0000000000000000        0.0000000000000000     
   8.8326220850103859E-002  -27.621283255086070        2.0000000000000000        0.0000000000000000     
   8.8326220850103859E-002  -27.464788732394364        2.0000000000000000        0.0000000000000000     
   8.8326220850103859E-002  -27.308294209702659        2.0000000000000000        0.0000000000000000     
   8.8326220850103859E-002  -27.151799687010953        2.0000000000000000        0.0000000000000000     
   8.8326220850103859E-002  -26.995305164319248        2.0000000000000000        0.0000000000000000     
   8.8326220850103859E-002  -26.838810641627543        2.0000000000000000        0.0000000000000000     
   8.8326220850103859E-002  -26.682316118935837        2.0000000000000000        0.0000000000000000     
   8.8326220850103859E-002  -26.525821596244128        2.0000000000000000        0.0000000000000000     
   8.8326220850103859E-002  -26.369327073552423        2.0000000000000000        0.0000000000000000     
   8.8326220850103859E-002  -26.212832550860718        2.0000000000000000        0.0000000000000000     
   8.8326220850103859E-002  -26.056338028169012        2.0000000000000000        0.0000000000000000     
   8.8326220850103859E-002  -25.899843505477307        2.0000000000000000        0.0000000000000000     
   8.8326220850103859E-002  -25.743348982785601        2.0000000000000000        0.0000000000000000     
   8.8326220850103859E-002  -25.586854460093896        2.0000000000000000        0.0000000000000000     
   8.8326220850103859E-002  -25.430359937402191        2.0000000000000000        0.0000000000000000     
   8.8326220850103859E-002  -25.273865414710482        2.0000000000000000        0.0000000000000000     
   8.8326220850103859E-002  -25.117370892018776        2.0000000000000000        0.0000000000000000     
   8.8326220850103859E-002  -24.960876369327071        2.0000000000000000        0.0000000000000000     
   8.8326220850103859E-002  -24.804381846635366        2.0000000000000000        0.0000000000000000     
   8.8326220850103859E-002  -24.647887323943660        2.0000000000000000        0.0000000000000000     
   8.8326220850103859E-002  -24.491392801251955        2.0000000000000000        0.0000000000000000     
   8.8326220850103859E-002  -24.334898278560249        2.0000000000000000        0.0000000000000000     
   8.8326220850103859E-002  -24.178403755868544        2.0000000000000000        0.0000000000000000     
   8.8326220850103859E-002  -24.021909233176839        2.0000000000000000        0.0000000000000000     
   8.8326220850103859E-002  -23.865414710485130        2.0000000000000000        0.0000000000000000     
   8.8326220850103859E-002  -23.708920187793424        2.0000000000000000        0.0000000000000000     
   8.8326220850103859E-002  -23.552425665101719        2.0000000000000000        0.0000000000000000     
   8.8326220850103859E-002  -23.395931142410014        2.0000000000000000        0.0000000000000000     
   8.8326220850103859E-002  -23.239436619718308        2.0000000000000000        0.0000000000000000     
   8.8326220850103859E-002  -23.082942097026603        2.0000000000000000        0.0000000000000000     
   8.8326220850103859E-002  -22.926447574334897        2.0000000000000000        0.0000000000000000     
   8.8326220850103859E-002  -22.769953051643192        2.0000000000000000        0.0000000000000000     
   8.8326220850103859E-002  -22.613458528951483        2.0000000000000000        0.0000000000000000     
   8.8326220850103859E-002  -22.456964006259778        2.0000000000000000        0.0000000000000000     
   8.8326220850103859E-002  -22.300469483568072        2.0000000000000000        0.0000000000000000     
   8.8326220850103859E-002  -22.143974960876367        2.0000000000000000        0.0000000000000000     
   8.8326220850103859E-002  -21.987480438184662        2.0000000000000000        0.0000000000000000     
   8.8326220850103859E-002  -21.830985915492956        2.0000000000000000        0.0000000000000000     
   8.8326220850103859E-002  -21.674491392801251        2.0000000000000000        0.0000000000000000     
   8.8326220850103859E-002  -21.517996870109545        2.0000000000000000        0.0000000000000000     
   8.8326220850103859E-002  -21.361502347417840        2.0000000000000000        0.0000000000000000     
   8.8326220850103859E-002  -21.205007824726131        2.0000000000000000        0.0000000000000000     
   8.8326220850103859E-002  -21.048513302034426        2.0000000000000000        0.0000000000000000     
   8.8326220850103859E-002  -20.892018779342720        2.0000000000000000        0.0000000000000000     
   8.8326220850103859E-002  -20.735524256651015        2.0000000000000000        0.0000000000000000     
   8.8326220850103859E-002  -20.579029733959310        2.0000000000000000        0.0000000000000000     
   8.8326220850103859E-002  -20.422535211267604        2.0000000000000000        0.0000000000000000     
   8.8326220850103859E-002  -20.266040688575899        2.0000000000000000        0.0000000000000000     
   8.8326220850103859E-002  -20.109546165884193        2.0000000000000000        0.0000000000000000     
   8.8326220850103859E-002  -19.953051643192488        2.0000000000000000        0.0000000000000000     
   8.8326220850103859E-002  -19.796557120500779        2.0000000000000000        0.0000000000000000     
   8.8326220850103859E-002  -19.640062597809074        2.0000000000000000        0.0000000000000000     
   8.8326220850103859E-002  -19.483568075117368        2.0000000000000000        0.0000000000000000     
   8.8326220850103859E-002  -19.327073552425663        2.0000000000000000        0.0000000000000000     
   8.8326220850103859E-002  -19.170579029733958        2.0000000000000000        0.0000000000000000     
   8.8326220850103859E-002  -19.014084507042252        2.0000000000000000        0.0000000000000000     
   8.8326220850103859E-002  -18.857589984350547        2.0000000000000000        0.0000000000000000     
   8.8326220850103859E-002  -18.701095461658841        2.0000000000000000        0.0000000000000000     
   8.8326220850103859E-002  -18.544600938967132        2.0000000000000000        0.0000000000000000     
   8.8326220850103859E-002  -18.388106416275427        2.0000000000000000        0.0000000000000000     
   8.8326220850103859E-002  -18.231611893583722        2.0000000000000000        0.0000000000000000     
   8.8326220850103859E-002  -18.075117370892016        2.0000000000000000        0.0000000000000000     
   8.8326220850103859E-002  -17.918622848200307        2.0000000000000000        0.0000000000000000     
   8.8326220850103859E-002  -17.762128325508606        2.0000000000000000        0.0000000000000000     
   8.8326220850103859E-002  -17.605633802816897        2.0000000000000000        0.0000000000000000     
   8.8326220850103859E-002  -17.449139280125195        2.0000000000000000        0.0000000000000000     
   8.8326220850103859E-002  -17.292644757433486        2.0000000000000000        0.0000000000000000     
   8.8326220850103859E-002  -17.136150234741784        2.0000000000000000        0.0000000000000000     
   8.8326220850103859E-002  -16.979655712050075        2.0000000000000000        0.0000000000000000     
   8.8326220850103859E-002  -16.823161189358373        2.0000000000000000        0.0000000000000000     
   8.8326220850103859E-002  -16.666666666666664        2.0000000000000000        0.0000000000000000     
   8.8326220850103859E-002  -16.510172143974955        2.0000000000000000        0.0000000000000000     
   8.8326220850103859E-002  -16.353677621283254        2.0000000000000000        0.0000000000000000     
   8.8326220850103859E-002  -16.197183098591545        2.0000000000000000        0.0000000000000000     
   8.8326220850103859E-002  -16.040688575899843        2.0000000000000000        0.0000000000000000     
   8.8326220850103859E-002  -15.884194053208134        2.0000000000000000        0.0000000000000000     
   8.8326220850103859E-002  -15.727699530516432        2.0000000000000000        0.0000000000000000     
   8.8326220850103859E-002  -15.571205007824723        2.0000000000000000        0.0000000000000000     
   8.8326220850103859E-002  -15.414710485133021        2.0000000000000000        0.0000000000000000     
   8.8326220850103859E-002  -15.258215962441312        2.0000000000000000        0.0000000000000000     
   8.8326220850103859E-002  -15.101721439749603        2.0000000000000000        0.0000000000000000     
   8.8326220850103859E-002  -14.945226917057902        2.0000000000000000        0.0000000000000000     
   8.8326220850103859E-002  -14.788732394366193        2.0000000000000000        0.0000000000000000     
   8.8326220850103859E-002  -14.632237871674491        2.0000000000000000        0.0000000000000000     
   8.8326220850103859E-002  -14.475743348982782        2.0000000000000000        0.0000000000000000     
   8.8326220850103859E-002  -14.319248826291080        2.0000000000000000        0.0000000000000000     
   8.8326220850103859E-002  -14.162754303599371        2.0000000000000000        0.0000000000000000     
   8.8326220850103859E-002  -14.006259780907669        2.0000000000000000        0.0000000000000000     
   8.8326220850103859E-002  -13.849765258215960        2.0000000000000000        0.0000000000000000     
   8.8326220850103859E-002  -13.693270735524251        2.0000000000000000        0.0000000000000000     
   8.8326220850103859E-002  -13.536776212832550        2.0000000000000000        0.0000000000000000     
   8.8326220850103859E-002  -13.380281690140841        2.0000000000000000        0.0000000000000000     
   8.8326220850103859E-002  -13.223787167449139        2.0000000000000000        0.0000000000000000     
   8.8326220850103859E-002  -13.067292644757430        2.0000000000000000        0.0000000000000000     
   8.8326220850103859E-002  -12.910798122065728        2.0000000000000000        0.0000000000000000     
   8.8326220850103859E-002  -12.754303599374019        2.0000000000000000        0.0000000000000000     
   8.8326220850103859E-002  -12.597809076682310        2.0000000000000000        0.0000000000000000     
   8.8326220850103859E-002  -12.441314553990608        2.0000000000000000        0.0000000000000000     
   8.8326220850103859E-002  -12.284820031298899        2.0000000000000000        0.0000000000000000     
   8.8326220850103859E-002  -12.128325508607197        2.0000000000000000        0.0000000000000000     
   8.8326220850103859E-002  -11.971830985915489        2.0000000000000000        0.0000000000000000     
   8.8326220850103859E-002  -11.815336463223787        2.0000000000000000        0.0000000000000000     
   8.8326220850103859E-002  -11.658841940532078        2.0000000000000000        0.0000000000000000     
   8.8326220850103859E-002  -11.502347417840376        2.0000000000000000        0.0000000000000000     
   8.8326220850103859E-002  -11.345852895148667        2.0000000000000000        0.0000000000000000     
   8.8326220850103859E-002  -11.189358372456958        2.0000000000000000        0.0000000000000000     
   8.8326220850103859E-002  -11.032863849765256        2.0000000000000000        0.0000000000000000     
   8.8326220850103859E-002  -10.876369327073547        2.0000000000000000        0.0000000000000000     
   8.8326220850103859E-002  -10.719874804381845        2.0000000000000000        0.0000000000000000     
   8.8326220850103859E-002  -10.563380281690137        2.0000000000000000        0.0000000000000000     
   8.8326220850103859E-002  -10.406885758998435        2.0000000000000000        0.0000000000000000     
   8.8326220850103859E-002  -10.250391236306726        2.0000000000000000        0.0000000000000000     
   8.8326220850103859E-002  -10.093896713615024        2.0000000000000000        0.0000000000000000     
   8.8326220850103859E-002  -9.9374021909233150        2.0000000000000000        0.0000000000000000     
   8.8326220850103859E-002  -9.7809076682316061        2.0000000000000000        0.0000000000000000     
   8.8326220850103859E-002  -9.6244131455399042        2.0000000000000000        0.0000000000000000     
   8.8326220850103859E-002  -9.4679186228481953        2.0000000000000000        0.0000000000000000     
   8.8326220850103859E-002  -9.3114241001564935        2.0000000000000000        0.0000000000000000     
   8.8326220850103859E-002  -9.1549295774647845        2.0000000000000000        0.0000000000000000     
   8.8326220850103859E-002  -8.9984350547730827        2.0000000000000000        0.0000000000000000     
   8.8326220850103859E-002  -8.8419405320813738        2.0000000000000000        0.0000000000000000     
   8.8326220850103859E-002  -8.6854460093896719        2.0000000000000000        0.0000000000000000     
   8.8326220850103859E-002  -8.5289514866979630        2.0000000000000000        0.0000000000000000     
   8.8326220850103859E-002  -8.3724569640062541        2.0000000000000000        0.0000000000000000     
   8.8326220850103859E-002  -8.2159624413145522        2.0000000000000000        0.0000000000000000     
   8.8326220850103859E-002  -8.0594679186228433        2.0000000000000000        0.0000000000000000     
   8.8326220850103859E-002  -7.9029733959311415        2.0000000000000000        0.0000000000000000     
   8.8326220850103859E-002  -7.7464788732394325        2.0000000000000000        0.0000000000000000     
   8.8326220850103859E-002  -7.5899843505477307        2.0000000000000000        0.0000000000000000     
   8.8326220850103859E-002  -7.4334898278560217        2.0000000000000000        0.0000000000000000     
   8.8326220850103859E-002  -7.2769953051643199        2.0000000000000000        0.0000000000000000     
   8.8326220850103859E-002  -7.1205007824726110        2.0000000000000000        0.0000000000000000     
   8.8326220850103859E-002  -6.9640062597809020        2.0000000000000000        0.0000000000000000     
   8.8326220850103859E-002  -6.8075117370892002        2.0000000000000000        0.0000000000000000     
   8.8326220850103859E-002  -6.6510172143974913        2.0000000000000000        0.0000000000000000     
   8.8326220850103859E-002  -6.4945226917057894        2.0000000000000000        0.0000000000000000     
   8.8326220850103859E-002  -6.3380281690140805        2.0000000000000000        0.0000000000000000     
   8.8326220850103859E-002  -6.1815336463223787        2.0000000000000000        0.0000000000000000     
   8.8326220850103859E-002  -6.0250391236306697        2.0000000000000000        0.0000000000000000     
   8.8326220850103859E-002  -5.8685446009389608        2.0000000000000000        0.0000000000000000     
   8.8326220850103859E-002  -5.7120500782472590        2.0000000000000000        0.0000000000000000     
   8.8326220850103859E-002  -5.5555555555555500        2.0000000000000000        0.0000000000000000     
   8.8326220850103859E-002  -5.3990610328638482        2.0000000000000000        0.0000000000000000     
   8.8326220850103859E-002  -5.2425665101721393        2.0000000000000000        0.0000000000000000     
   8.8326220850103859E-002  -5.0860719874804374        2.0000000000000000        0.0000000000000000     
   8.8326220850103859E-002  -4.9295774647887285        2.0000000000000000        0.0000000000000000     
   8.8326220850103859E-002  -4.7730829420970267        2.0000000000000000        0.0000000000000000     
   8.8326220850103859E-002  -4.6165884194053177        2.0000000000000000        0.0000000000000000     
   8.8326220850103859E-002  -4.4600938967136088        2.0000000000000000        0.0000000000000000     
   8.8326220850103859E-002  -4.3035993740219070        2.0000000000000000        0.0000000000000000     
   8.8326220850103859E-002  -4.1471048513301980        2.0000000000000000        0.0000000000000000     
   8.8326220850103859E-002  -3.9906103286384962        2.0000000000000000        0.0000000000000000     
   8.8326220850103859E-002  -3.8341158059467872        2.0000000000000000       -2.0051677695397658E-016
   8.8326220850103859E-002  -3.6776212832550854        1.9999999999999991        3.8098187621255544E-015
   8.8326220850103859E-002  -3.5211267605633765        2.0000000000000138       -6.0155033086192972E-014
   8.8326220850103859E-002  -3.3646322378716746        1.9999999999998423        6.9759786702288450E-013
   8.8326220850103859E-002  -3.2081377151799657        2.0000000000013687       -6.0626247512034817E-012
   8.8326220850103859E-002  -3.0516431924882568        1.9999999999907865        4.0812984264435440E-011
   8.8326220850103859E-002  -2.8951486697965549        2.0000000000490825       -2.1741492729821904E-010
   8.8326220850103859E-002  -2.7386541471048460        1.9999999997928464        9.1760307004579504E-010
   8.8326220850103859E-002  -2.5821596244131442        2.0000000006794068       -3.0093219011899757E-009
   8.8326220850103859E-002  -2.4256651017214352        1.9999999983563679        7.2807308854139150E-009
   8.8326220850103859E-002  -2.2691705790297334        2.0000000024452396       -1.0836556650306085E-008
   8.8326220850103859E-002  -2.1126760563380245        1.9999999998469919        6.8517825889190886E-010
   8.8326220850103859E-002  -1.9561815336463226        1.9999999910412734        3.9707008916548665E-008
   8.8326220850103859E-002  -1.7996870109546137        2.0000000202196198       -9.0358996711937301E-008
   8.8326220850103859E-002  -1.6431924882629048        2.0000000027583029       -8.4815308176390033E-009
   8.8326220850103859E-002  -1.4866979655712029        1.9999999378884512        2.8120469230827047E-007
   8.8326220850103859E-002  -1.3302034428794940        2.0000000645849103       -3.6086251969356683E-007
   8.8326220850103859E-002  -1.1737089201877922        1.9999999641374915        6.6784419048852179E-007
   8.8326220850103859E-002  -1.0172143974960832        1.9999945198917071        2.4192663642442291E-005
   8.8326220850103859E-002 -0.86071987480438139        1.9999188938729806        3.5978076083703945E-004
   8.8326220850103859E-002 -0.70422535211267245        1.9989896763691286        4.4721195841736869E-003
   8.8326220850103859E-002 -0.54773082942096352        1.9786290721558544        9.3378272082455818E-002
   8.8326220850103859E-002 -0.39123630672926168        1.8464890806201972       0.64664776499993493     
   8.8326220850103859E-002 -0.23474178403755275        1.6471456202504418        1.3186769462278192     
   8.8326220850103859E-002  -7.8247261345850916E-002   1.4798404776054632        1.7615570185500187     
   8.8326220850103859E-002   7.8247261345858021E-002   1.4325135609086059        2.1033933169629382     
   8.8326220850103859E-002  0.23474178403755985        1.4218650078754804        1.6579796348256668     
   8.8326220850103859E-002  0.39123630672926879        1.1792054713910791       0.66931652485075732     
   8.8326220850103859E-002  0.54773082942097062        1.0144755678258872        4.6480039660479304E-002
   8.8326220850103859E-002  0.70422535211267956        1.0008856225832881        2.7774393664242334E-003
   8.8326220850103859E-002  0.86071987480438850        1.0000457782225260        1.4403098263916997E-004
   8.8326220850103859E-002   1.0172143974960903        1.0000016991267149        5.5197694011437435E-006
   8.8326220850103859E-002   1.1737089201877993       0.99999996368986088       -1.8067315596763831E-007
   8.8326220850103859E-002   1.3302034428795011       0.99999999473057466       -7.3955366658005237E-009
   8.8326220850103859E-002   1.4866979655712100        1.0000000151897661        4.7022353709809089E-008
   8.8326220850103859E-002   1.6431924882629119       0.99999999580981047       -1.3048014826746243E-008
   8.8326220850103859E-002   1.7996870109546208       0.99999999983135768       -5.2481030450790197E-010
   8.8326220850103859E-002   1.9561815336463226        1.0000000003452874        1.0803171709785520E-009
   8.8326220850103859E-002   2.1126760563380316       0.99999999990458832       -2.9869385141537682E-010
   8.8326220850103859E-002   2.2691705790297405        1.0000000000032956        1.0308366986426976E-011
   8.8326220850103859E-002   2.4256651017214423        1.0000000000061871        1.9380347526155747E-011
   8.8326220850103859E-002   2.5821596244131513       0.99999999999736033       -8.2673067138124545E-012
   8.8326220850103859E-002   2.7386541471048531        1.0000000000006710        2.1012654348949592E-012
   8.8326220850103859E-002   2.8951486697965620       0.99999999999987588       -3.8910280567919154E-013
   8.8326220850103859E-002   3.0516431924882639        1.0000000000000178        5.5793793187443985E-014
   8.8326220850103859E-002   3.2081377151799728       0.99999999999999800       -6.2661492798117679E-015
   8.8326220850103859E-002   3.3646322378716746        1.0000000000000002        4.0103355390795316E-016
   8.8326220850103859E-002   3.5211267605633836        1.0000000000000000       -1.0025838847698829E-016
   8.8326220850103859E-002   3.6776212832550925        1.0000000000000000        0.0000000000000000     
   8.8326220850103859E-002   3.8341158059467944        1.0000000000000000        0.0000000000000000     
   8.8326220850103859E-002   3.9906103286385033        1.0000000000000000        0.0000000000000000     
   8.8326220850103859E-002   4.1471048513302051        1.0000000000000000        0.0000000000000000     
   8.8326220850103859E-002   4.3035993740219141        1.0000000000000000        0.0000000000000000     
   8.8326220850103859E-002   4.4600938967136159        1.0000000000000000        0.0000000000000000     
   8.8326220850103859E-002   4.6165884194053248        1.0000000000000000        0.0000000000000000     
   8.8326220850103859E-002   4.7730829420970338        1.0000000000000000        0.0000000000000000     
   8.8326220850103859E-002   4.9295774647887356        1.0000000000000000        0.0000000000000000     
   8.8326220850103859E-002   5.0860719874804445        1.0000000000000000        0.0000000000000000     
   8.8326220850103859E-002   5.2425665101721464        1.0000000000000000        0.0000000000000000     
   8.8326220850103859E-002   5.3990610328638553        1.0000000000000000        0.0000000000000000     
   8.8326220850103859E-002   5.5555555555555571        1.0000000000000000        0.0000000000000000     
   8.8326220850103859E-002   5.7120500782472661        1.0000000000000000        0.0000000000000000     
   8.8326220850103859E-002   5.8685446009389679        1.0000000000000000        0.0000000000000000     
   8.8326220850103859E-002   6.0250391236306768        1.0000000000000000        0.0000000000000000     
   8.8326220850103859E-002   6.1815336463223858        1.0000000000000000        0.0000000000000000     
   8.8326220850103859E-002   6.3380281690140876        1.0000000000000000        0.0000000000000000     
   8.8326220850103859E-002   6.4945226917057965        1.0000000000000000        0.0000000000000000     
   8.8326220850103859E-002   6.6510172143974984        1.0000000000000000        0.0000000000000000     
   8.8326220850103859E-002   6.8075117370892073        1.0000000000000000        0.0000000000000000     
   8.8326220850103859E-002   6.9640062597809091        1.0000000000000000        0.0000000000000000     
   8.8326220850103859E-002   7.1205007824726181        1.0000000000000000        0.0000000000000000     
   8.8326220850103859E-002   7.2769953051643199        1.0000000000000000        0.0000000000000000     
   8.8326220850103859E-002   7.4334898278560289        1.0000000000000000        0.0000000000000000     
   8.8326220850103859E-002   7.5899843505477378        1.0000000000000000        0.0000000000000000     
   8.8326220850103859E-002   7.7464788732394396        1.0000000000000000        0.0000000000000000     
   8.8326220850103859E-002   7.9029733959311486        1.0000000000000000        0.0000000000000000     
   8.8326220850103859E-002   8.0594679186228504        1.0000000000000000        0.0000000000000000     
   8.8326220850103859E-002   8.2159624413145593        1.0000000000000000        0.0000000000000000     
   8.8326220850103859E-002   8.3724569640062612        1.0000000000000000        0.0000000000000000     
   8.8326220850103859E-002   8.5289514866979701        1.0000000000000000        0.0000000000000000     
   8.8326220850103859E-002   8.6854460093896719        1.0000000000000000        0.0000000000000000     
   8.8326220850103859E-002   8.8419405320813809        1.0000000000000000        0.0000000000000000     
   8.8326220850103859E-002   8.9984350547730898        1.0000000000000000        0.0000000000000000     
   8.8326220850103859E-002   9.1549295774647916        1.0000000000000000        0.0000000000000000     
   8.8326220850103859E-002   9.3114241001565006        1.0000000000000000        0.0000000000000000     
   8.8326220850103859E-002   9.4679186228482024        1.0000000000000000        0.0000000000000000     
   8.8326220850103859E-002   9.6244131455399113        1.0000000000000000        0.0000000000000000     
   8.8326220850103859E-002   9.7809076682316132        1.0000000000000000        0.0000000000000000     
   8.8326220850103859E-002   9.9374021909233221        1.0000000000000000        0.0000000000000000     
   8.8326220850103859E-002   10.093896713615024        1.0000000000000000        0.0000000000000000     
   8.8326220850103859E-002   10.250391236306733        1.0000000000000000        0.0000000000000000     
   8.8326220850103859E-002   10.406885758998442        1.0000000000000000        0.0000000000000000     
   8.8326220850103859E-002   10.563380281690144        1.0000000000000000        0.0000000000000000     
   8.8326220850103859E-002   10.719874804381853        1.0000000000000000        0.0000000000000000     
   8.8326220850103859E-002   10.876369327073554        1.0000000000000000        0.0000000000000000     
   8.8326220850103859E-002   11.032863849765263        1.0000000000000000        0.0000000000000000     
   8.8326220850103859E-002   11.189358372456965        1.0000000000000000        0.0000000000000000     
   8.8326220850103859E-002   11.345852895148674        1.0000000000000000        0.0000000000000000     
   8.8326220850103859E-002   11.502347417840383        1.0000000000000000        0.0000000000000000     
   8.8326220850103859E-002   11.658841940532085        1.0000000000000000        0.0000000000000000     
   8.8326220850103859E-002   11.815336463223794        1.0000000000000000        0.0000000000000000     
   8.8326220850103859E-002   11.971830985915496        1.0000000000000000        0.0000000000000000     
   8.8326220850103859E-002   12.128325508607205        1.0000000000000000        0.0000000000000000     
   8.8326220850103859E-002   12.284820031298906        1.0000000000000000        0.0000000000000000     
   8.8326220850103859E-002   12.441314553990615        1.0000000000000000        0.0000000000000000     
   8.8326220850103859E-002   12.597809076682317        1.0000000000000000        0.0000000000000000     
   8.8326220850103859E-002   12.754303599374026        1.0000000000000000        0.0000000000000000     
   8.8326220850103859E-002   12.910798122065735        1.0000000000000000        0.0000000000000000     
   8.8326220850103859E-002   13.067292644757437        1.0000000000000000        0.0000000000000000     
   8.8326220850103859E-002   13.223787167449146        1.0000000000000000        0.0000000000000000     
   8.8326220850103859E-002   13.380281690140848        1.0000000000000000        0.0000000000000000     
   8.8326220850103859E-002   13.536776212832557        1.0000000000000000        0.0000000000000000     
   8.8326220850103859E-002   13.693270735524258        1.0000000000000000        0.0000000000000000     
   8.8326220850103859E-002   13.849765258215967        1.0000000000000000        0.0000000000000000     
   8.8326220850103859E-002   14.006259780907669        1.0000000000000000        0.0000000000000000     
   8.8326220850103859E-002   14.162754303599385        1.0000000000000000        0.0000000000000000     
   8.8326220850103859E-002   14.319248826291087        1.0000000000000000        0.0000000000000000     
   8.8326220850103859E-002   14.475743348982789        1.0000000000000000        0.0000000000000000     
   8.8326220850103859E-002   14.632237871674491        1.0000000000000000        0.0000000000000000     
   8.8326220850103859E-002   14.788732394366207        1.0000000000000000        0.0000000000000000     
   8.8326220850103859E-002   14.945226917057909        1.0000000000000000        0.0000000000000000     
   8.8326220850103859E-002   15.101721439749610        1.0000000000000000        0.0000000000000000     
   8.8326220850103859E-002   15.258215962441312        1.0000000000000000        0.0000000000000000     
   8.8326220850103859E-002   15.414710485133028        1.0000000000000000        0.0000000000000000     
   8.8326220850103859E-002   15.571205007824730        1.0000000000000000        0.0000000000000000     
   8.8326220850103859E-002   15.727699530516432        1.0000000000000000        0.0000000000000000     
   8.8326220850103859E-002   15.884194053208148        1.0000000000000000        0.0000000000000000     
   8.8326220850103859E-002   16.040688575899850        1.0000000000000000        0.0000000000000000     
   8.8326220850103859E-002   16.197183098591552        1.0000000000000000        0.0000000000000000     
   8.8326220850103859E-002   16.353677621283254        1.0000000000000000        0.0000000000000000     
   8.8326220850103859E-002   16.510172143974970        1.0000000000000000        0.0000000000000000     
   8.8326220850103859E-002   16.666666666666671        1.0000000000000000        0.0000000000000000     
   8.8326220850103859E-002   16.823161189358373        1.0000000000000000        0.0000000000000000     
   8.8326220850103859E-002   16.979655712050089        1.0000000000000000        0.0000000000000000     
   8.8326220850103859E-002   17.136150234741791        1.0000000000000000        0.0000000000000000     
   8.8326220850103859E-002   17.292644757433493        1.0000000000000000        0.0000000000000000     
   8.8326220850103859E-002   17.449139280125195        1.0000000000000000        0.0000000000000000     
   8.8326220850103859E-002   17.605633802816911        1.0000000000000000        0.0000000000000000     
   8.8326220850103859E-002   17.762128325508613        1.0000000000000000        0.0000000000000000     
   8.8326220850103859E-002   17.918622848200314        1.0000000000000000        0.0000000000000000     
   8.8326220850103859E-002   18.075117370892016        1.0000000000000000        0.0000000000000000     
   8.8326220850103859E-002   18.231611893583732        1.0000000000000000        0.0000000000000000     
   8.8326220850103859E-002   18.388106416275434        1.0000000000000000        0.0000000000000000     
   8.8326220850103859E-002   18.544600938967136        1.0000000000000000        0.0000000000000000     
   8.8326220850103859E-002   18.701095461658852        1.0000000000000000        0.0000000000000000     
   8.8326220850103859E-002   18.857589984350554        1.0000000000000000        0.0000000000000000     
   8.8326220850103859E-002   19.014084507042256        1.0000000000000000        0.0000000000000000     
   8.8326220850103859E-002   19.170579029733958        1.0000000000000000        0.0000000000000000     
   8.8326220850103859E-002   19.327073552425674        1.0000000000000000        0.0000000000000000     
   8.8326220850103859E-002   19.483568075117375        1.0000000000000000        0.0000000000000000     
   8.8326220850103859E-002   19.640062597809077        1.0000000000000000        0.0000000000000000     
   8.8326220850103859E-002   19.796557120500793        1.0000000000000000        0.0000000000000000     
   8.8326220850103859E-002   19.953051643192495        1.0000000000000000        0.0000000000000000     
   8.8326220850103859E-002   20.109546165884197        1.0000000000000000        0.0000000000000000     
   8.8326220850103859E-002   20.266040688575899        1.0000000000000000        0.0000000000000000     
   8.8326220850103859E-002   20.422535211267615        1.0000000000000000        0.0000000000000000     
   8.8326220850103859E-002   20.579029733959317        1.0000000000000000        0.0000000000000000     
   8.8326220850103859E-002   20.735524256651019        1.0000000000000000        0.0000000000000000     
   8.8326220850103859E-002   20.892018779342735        1.0000000000000000        0.0000000000000000     
   8.8326220850103859E-002   21.048513302034436        1.0000000000000000        0.0000000000000000     
   8.8326220850103859E-002   21.205007824726138        1.0000000000000000        0.0000000000000000     
   8.8326220850103859E-002   21.361502347417840        1.0000000000000000        0.0000000000000000     
   8.8326220850103859E-002   21.517996870109556        1.0000000000000000        0.0000000000000000     
   8.8326220850103859E-002   21.674491392801258        1.0000000000000000        0.0000000000000000     
   8.8326220850103859E-002   21.830985915492960        1.0000000000000000        0.0000000000000000     
   8.8326220850103859E-002   21.987480438184662        1.0000000000000000        0.0000000000000000     
   8.8326220850103859E-002   22.143974960876378        1.0000000000000000        0.0000000000000000     
   8.8326220850103859E-002   22.300469483568079        1.0000000000000000        0.0000000000000000     
   8.8326220850103859E-002   22.456964006259781        1.0000000000000000        0.0000000000000000     
   8.8326220850103859E-002   22.613458528951497        1.0000000000000000        0.0000000000000000     
   8.8326220850103859E-002   22.769953051643199        1.0000000000000000        0.0000000000000000     
   8.8326220850103859E-002   22.926447574334901        1.0000000000000000        0.0000000000000000     
   8.8326220850103859E-002   23.082942097026603        1.0000000000000000        0.0000000000000000     
   8.8326220850103859E-002   23.239436619718319        1.0000000000000000        0.0000000000000000     
   8.8326220850103859E-002   23.395931142410021        1.0000000000000000        0.0000000000000000     
   8.8326220850103859E-002   23.552425665101723        1.0000000000000000        0.0000000000000000     
   8.8326220850103859E-002   23.708920187793439        1.0000000000000000        0.0000000000000000     
   8.8326220850103859E-002   23.865414710485140        1.0000000000000000        0.0000000000000000     
   8.8326220850103859E-002   24.021909233176842        1.0000000000000000        0.0000000000000000     
   8.8326220850103859E-002   24.178403755868544        1.0000000000000000        0.0000000000000000     
   8.8326220850103859E-002   24.334898278560260        1.0000000000000000        0.0000000000000000     
   8.8326220850103859E-002   24.491392801251962        1.0000000000000000        0.0000000000000000     
   8.8326220850103859E-002   24.647887323943664        1.0000000000000000        0.0000000000000000     
   8.8326220850103859E-002   24.804381846635380        1.0000000000000000        0.0000000000000000     
   8.8326220850103859E-002   24.960876369327082        1.0000000000000000        0.0000000000000000     
   8.8326220850103859E-002   25.117370892018783        1.0000000000000000        0.0000000000000000     
   8.8326220850103859E-002   25.273865414710485        1.0000000000000000        0.0000000000000000     
   8.8326220850103859E-002   25.430359937402201        1.0000000000000000        0.0000000000000000     
   8.8326220850103859E-002   25.586854460093903        1.0000000000000000        0.0000000000000000     
   8.8326220850103859E-002   25.743348982785605        1.0000000000000000        0.0000000000000000     
   8.8326220850103859E-002   25.899843505477307        1.0000000000000000        0.0000000000000000     
   8.8326220850103859E-002   26.056338028169023        1.0000000000000000        0.0000000000000000     
   8.8326220850103859E-002   26.212832550860725        1.0000000000000000        0.0000000000000000     
   8.8326220850103859E-002   26.369327073552427        1.0000000000000000        0.0000000000000000     
   8.8326220850103859E-002   26.525821596244143        1.0000000000000000        0.0000000000000000     
   8.8326220850103859E-002   26.682316118935844        1.0000000000000000        0.0000000000000000     
   8.8326220850103859E-002   26.838810641627546        1.0000000000000000        0.0000000000000000     
   8.8326220850103859E-002   26.995305164319248        1.0000000000000000        0.0000000000000000     
   8.8326220850103859E-002   27.151799687010964        1.0000000000000000        0.0000000000000000     
   8.8326220850103859E-002   27.308294209702666        1.0000000000000000        0.0000000000000000     
   8.8326220850103859E-002   27.464788732394368        1.0000000000000000        0.0000000000000000     
   8.8326220850103859E-002   27.621283255086084        1.0000000000000000        0.0000000000000000     
   8.8326220850103859E-002   27.777777777777786        1.0000000000000000        0.0000000000000000     
   8.8326220850103859E-002   27.934272300469488        1.0000000000000000        0.0000000000000000     
   8.8326220850103859E-002   28.090766823161189        1.0000000000000000        0.0000000000000000     
   8.8326220850103859E-002   28.247261345852905        1.0000000000000000        0.0000000000000000     
   8.8326220850103859E-002   28.403755868544607        1.0000000000000000        0.0000000000000000     
   8.8326220850103859E-002   28.560250391236309        1.0000000000000000        0.0000000000000000     
   8.8326220850103859E-002   28.716744913928011        1.0000000000000000        0.0000000000000000     
   8.8326220850103859E-002   28.873239436619727        1.0000000000000000        0.0000000000000000     
   8.8326220850103859E-002   29.029733959311429        1.0000000000000000        0.0000000000000000     
   8.8326220850103859E-002   29.186228482003131        1.0000000000000000        0.0000000000000000     
   8.8326220850103859E-002   29.342723004694847        1.0000000000000000        0.0000000000000000     
   8.8326220850103859E-002   29.499217527386548        1.0000000000000000        0.0000000000000000     
   8.8326220850103859E-002   29.655712050078250        1.0000000000000000        0.0000000000000000     
   8.8326220850103859E-002   29.812206572769952        1.0000000000000000        0.0000000000000000     
   8.8326220850103859E-002   29.968701095461668        1.0000000000000000        0.0000000000000000     
   8.8326220850103859E-002   30.125195618153370        1.0000000000000000        0.0000000000000000     
   8.8326220850103859E-002   30.281690140845072        1.0000000000000000        0.0000000000000000     
   8.8326220850103859E-002   30.438184663536788        1.0000000000000000        0.0000000000000000     
   8.8326220850103859E-002   30.594679186228490        1.0000000000000000        0.0000000000000000     
   8.8326220850103859E-002   30.751173708920192        1.0000000000000000        0.0000000000000000     
   8.8326220850103859E-002   30.907668231611893        1.0000000000000000        0.0000000000000000     
   8.8326220850103859E-002   31.064162754303609        1.0000000000000000        0.0000000000000000     
   8.8326220850103859E-002   31.220657276995311        1.0000000000000000        0.0000000000000000     
   8.8326220850103859E-002   31.377151799687013        1.0000000000000000        0.0000000000000000     
   8.8326220850103859E-002   31.533646322378729        1.0000000000000000        0.0000000000000000     
   8.8326220850103859E-002   31.690140845070431        1.0000000000000000        0.0000000000000000     
   8.8326220850103859E-002   31.846635367762133        1.0000000000000000        0.0000000000000000     
   8.8326220850103859E-002   32.003129890453835        1.0000000000000000        0.0000000000000000     
   8.8326220850103859E-002   32.159624413145551        1.0000000000000000        0.0000000000000000     
   8.8326220850103859E-002   32.316118935837252        1.0000000000000000        0.0000000000000000     
   8.8326220850103859E-002   32.472613458528954        1.0000000000000000        0.0000000000000000     
   8.8326220850103859E-002   32.629107981220656        1.0000000000000000        0.0000000000000000     
   8.8326220850103859E-002   32.785602503912372        1.0000000000000000        0.0000000000000000     
   8.8326220850103859E-002   32.942097026604074        1.0000000000000000        0.0000000000000000     
   8.8326220850103859E-002   33.098591549295776        1.0000000000000000        0.0000000000000000     
   8.8326220850103859E-002   33.255086071987492        1.0000000000000000        0.0000000000000000     
   8.8326220850103859E-002   33.411580594679194        1.0000000000000000        0.0000000000000000     
   8.8326220850103859E-002   33.568075117370896        1.0000000000000000        0.0000000000000000     
   8.8326220850103859E-002   33.724569640062597        1.0000000000000000        0.0000000000000000     
   8.8326220850103859E-002   33.881064162754313        1.0000000000000000        0.0000000000000000     
   8.8326220850103859E-002   34.037558685446015        1.0000000000000000        0.0000000000000000     
   8.8326220850103859E-002   34.194053208137717        1.0000000000000000        0.0000000000000000     
   8.8326220850103859E-002   34.350547730829433        1.0000000000000000        0.0000000000000000     
   8.8326220850103859E-002   34.507042253521135        1.0000000000000000        0.0000000000000000     
   8.8326220850103859E-002   34.663536776212837        1.0000000000000000        0.0000000000000000     
   8.8326220850103859E-002   34.820031298904539        1.0000000000000000        0.0000000000000000     
   8.8326220850103859E-002   34.976525821596255        1.0000000000000000        0.0000000000000000     
   8.8326220850103859E-002   35.133020344287957        1.0000000000000000        0.0000000000000000     
   8.8326220850103859E-002   35.289514866979658        1.0000000000000000        0.0000000000000000     
   8.8326220850103859E-002   35.446009389671360        1.0000000000000000        0.0000000000000000     
   8.8326220850103859E-002   35.602503912363076        1.0000000000000000        0.0000000000000000     
   8.8326220850103859E-002   35.758998435054778        1.0000000000000000        0.0000000000000000     
   8.8326220850103859E-002   35.915492957746480        1.0000000000000000        0.0000000000000000     
   8.8326220850103859E-002   36.071987480438196        1.0000000000000000        0.0000000000000000     
   8.8326220850103859E-002   36.228482003129898        1.0000000000000000        0.0000000000000000     
   8.8326220850103859E-002   36.384976525821600        1.0000000000000000        0.0000000000000000     
   8.8326220850103859E-002   36.541471048513301        1.0000000000000000        0.0000000000000000     
   8.8326220850103859E-002   36.697965571205017        1.0000000000000000        0.0000000000000000     
   8.8326220850103859E-002   36.854460093896719        1.0000000000000000        0.0000000000000000     
   8.8326220850103859E-002   37.010954616588421        1.0000000000000000        0.0000000000000000     
   8.8326220850103859E-002   37.167449139280137        1.0000000000000000        0.0000000000000000     
   8.8326220850103859E-002   37.323943661971839        1.0000000000000000        0.0000000000000000     
   8.8326220850103859E-002   37.480438184663541        1.0000000000000000        0.0000000000000000     
   8.8326220850103859E-002   37.636932707355243        1.0000000000000000        0.0000000000000000     
   8.8326220850103859E-002   37.793427230046959        1.0000000000000000        0.0000000000000000     
   8.8326220850103859E-002   37.949921752738661        1.0000000000000000        0.0000000000000000     
   8.8326220850103859E-002   38.106416275430362        1.0000000000000000        0.0000000000000000     
   8.8326220850103859E-002   38.262910798122078        1.0000000000000000        0.0000000000000000     
   8.8326220850103859E-002   38.419405320813780        1.0000000000000000        0.0000000000000000     
   8.8326220850103859E-002   38.575899843505482        1.0000000000000000        0.0000000000000000     
   8.8326220850103859E-002   38.732394366197184        1.0000000000000000        0.0000000000000000     
   8.8326220850103859E-002   38.888888888888900        1.0000000000000000        0.0000000000000000     
   8.8326220850103859E-002   39.045383411580602        1.0000000000000000        0.0000000000000000     
   8.8326220850103859E-002   39.201877934272304        1.0000000000000000        0.0000000000000000     
   8.8326220850103859E-002   39.358372456964005        1.0000000000000000        0.0000000000000000     
   8.8326220850103859E-002   39.514866979655721        1.0000000000000000        0.0000000000000000     
   8.8326220850103859E-002   39.671361502347423        1.0000000000000000        0.0000000000000000     
   8.8326220850103859E-002   39.827856025039125        1.0000000000000000        0.0000000000000000     
   8.8326220850103859E-002   39.984350547730841        1.0000000000000000        0.0000000000000000     
   8.8326220850103859E-002   40.140845070422543        1.0000000000000000        0.0000000000000000     
   8.8326220850103859E-002   40.297339593114245        1.0000000000000000        0.0000000000000000     
   8.8326220850103859E-002   40.453834115805947        1.0000000000000000        0.0000000000000000     
   8.8326220850103859E-002   40.610328638497663        1.0000000000000000        0.0000000000000000     
   8.8326220850103859E-002   40.766823161189365        1.0000000000000000        0.0000000000000000     
   8.8326220850103859E-002   40.923317683881066        1.0000000000000000        0.0000000000000000     
   8.8326220850103859E-002   41.079812206572782        1.0000000000000000        0.0000000000000000     
   8.8326220850103859E-002   41.236306729264484        1.0000000000000000        0.0000000000000000     
   8.8326220850103859E-002   41.392801251956186        1.0000000000000000        0.0000000000000000     
   8.8326220850103859E-002   41.549295774647888        1.0000000000000000        0.0000000000000000     
   8.8326220850103859E-002   41.705790297339604        1.0000000000000000        0.0000000000000000     
   8.8326220850103859E-002   41.862284820031306        1.0000000000000000        0.0000000000000000     
   8.8326220850103859E-002   42.018779342723008        1.0000000000000000        0.0000000000000000     
   8.8326220850103859E-002   42.175273865414724        1.0000000000000000        0.0000000000000000     
   8.8326220850103859E-002   42.331768388106426        1.0000000000000000        0.0000000000000000     
   8.8326220850103859E-002   42.488262910798127        1.0000000000000000        0.0000000000000000     
   8.8326220850103859E-002   42.644757433489829        1.0000000000000000        0.0000000000000000     
   8.8326220850103859E-002   42.801251956181545        1.0000000000000000        0.0000000000000000     
   8.8326220850103859E-002   42.957746478873247        1.0000000000000000        0.0000000000000000     
   8.8326220850103859E-002   43.114241001564949        1.0000000000000000        0.0000000000000000     
   8.8326220850103859E-002   43.270735524256651        1.0000000000000000        0.0000000000000000     
   8.8326220850103859E-002   43.427230046948367        1.0000000000000000        0.0000000000000000     
   8.8326220850103859E-002   43.583724569640069        1.0000000000000000        0.0000000000000000     
   8.8326220850103859E-002   43.740219092331770        1.0000000000000000        0.0000000000000000     
   8.8326220850103859E-002   43.896713615023486        1.0000000000000000        0.0000000000000000     
   8.8326220850103859E-002   44.053208137715188        1.0000000000000000        0.0000000000000000     
   8.8326220850103859E-002   44.209702660406890        1.0000000000000000        0.0000000000000000     
   8.8326220850103859E-002   44.366197183098592        1.0000000000000000        0.0000000000000000     
   8.8326220850103859E-002   44.522691705790308        1.0000000000000000        0.0000000000000000     
   8.8326220850103859E-002   44.679186228482010        1.0000000000000000        0.0000000000000000     
   8.8326220850103859E-002   44.835680751173712        1.0000000000000000        0.0000000000000000     
   8.8326220850103859E-002   44.992175273865428        1.0000000000000000        0.0000000000000000     
   8.8326220850103859E-002   45.148669796557130        1.0000000000000000        0.0000000000000000     
   8.8326220850103859E-002   45.305164319248831        1.0000000000000000        0.0000000000000000     
   8.8326220850103859E-002   45.461658841940533        1.0000000000000000        0.0000000000000000     
   8.8326220850103859E-002   45.618153364632249        1.0000000000000000        0.0000000000000000     
   8.8326220850103859E-002   45.774647887323951        1.0000000000000000        0.0000000000000000     
   8.8326220850103859E-002   45.931142410015653        1.0000000000000000        0.0000000000000000     
   8.8326220850103859E-002   46.087636932707355        1.0000000000000000        0.0000000000000000     
   8.8326220850103859E-002   46.244131455399071        1.0000000000000000        0.0000000000000000     
   8.8326220850103859E-002   46.400625978090773        1.0000000000000000        0.0000000000000000     
   8.8326220850103859E-002   46.557120500782474        1.0000000000000000        0.0000000000000000     
   8.8326220850103859E-002   46.713615023474190        1.0000000000000000        0.0000000000000000     
   8.8326220850103859E-002   46.870109546165892        1.0000000000000000        0.0000000000000000     
   8.8326220850103859E-002   47.026604068857594        1.0000000000000000        0.0000000000000000     
   8.8326220850103859E-002   47.183098591549296        1.0000000000000000        0.0000000000000000     
   8.8326220850103859E-002   47.339593114241012        1.0000000000000000        0.0000000000000000     
   8.8326220850103859E-002   47.496087636932714        1.0000000000000000        0.0000000000000000     
   8.8326220850103859E-002   47.652582159624416        1.0000000000000000        0.0000000000000000     
   8.8326220850103859E-002   47.809076682316132        1.0000000000000000        0.0000000000000000     
   8.8326220850103859E-002   47.965571205007834        1.0000000000000000        0.0000000000000000     
   8.8326220850103859E-002   48.122065727699535        1.0000000000000000        0.0000000000000000     
   8.8326220850103859E-002   48.278560250391237        1.0000000000000000        0.0000000000000000     
   8.8326220850103859E-002   48.435054773082953        1.0000000000000000        0.0000000000000000     
   8.8326220850103859E-002   48.591549295774655        1.0000000000000000        0.0000000000000000     
   8.8326220850103859E-002   48.748043818466357        1.0000000000000000        0.0000000000000000     
   8.8326220850103859E-002   48.904538341158073        1.0000000000000000        1.5038758271548244E-016
   8.8326220850103859E-002   49.061032863849775        1.0000000000000000        5.0129194238494145E-017
   8.8326220850103859E-002   49.217527386541477        1.0000000000000000       -2.0051677695397658E-016
   8.8326220850103859E-002   49.374021909233178        1.0000000000000000        3.5090435966945899E-016
   8.8326220850103859E-002   49.530516431924895        1.0000000000000000        4.5116274814644737E-016
   8.8326220850103859E-002   49.687010954616596        1.0000000000000000        2.0051677695397655E-016
   8.8326220850103859E-002   49.843505477308298        1.0000000000000000       -4.0103355390795316E-016
   8.8326220850103859E-002   50.000000000000000        1.0000000000000000       -4.0103355390795311E-016
   8.8326220850103859E-002   50.156494522691716        3.1250000000000000E-002   1.5000000000000000     
   8.8326220850103859E-002   50.312989045383418        3.1250000000000000E-002   1.5000000000000000     
   8.8326220850103859E-002   50.469483568075120        3.1250000000000000E-002   1.5000000000000000     
   8.8326220850103859E-002   50.625978090766836        3.1250000000000000E-002   1.5000000000000000     
   8.8326220850103859E-002   50.782472613458538        3.1250000000000000E-002   1.5000000000000000     
   8.8326220850103859E-002   50.938967136150239        3.1250000000000000E-002   1.5000000000000000     
